-0.856387 -1.43891
0.937403 1.43943
2.50756 0.318968
1.82951 -2.01675
-0.979808 -1.20676
-0.505012 0.338965
2.71497 -1.46183
2.25855 -1.77354
-4.30952 -2.75655
-2.06314 0.293042
1.8867 0.075741
1.26627 -1.81092
1.54258 1.63655
1.56802 -0.673598
-1.24969 -1.89085
-1.46545 2.50778
1.12036 1.56264
0.182676 -1.45119
-1.30666 -1.61451
-0.642964 2.18612
1.14512 1.04371
0.65187 -0.863751
-2.14605 -0.720811
-1.06151 1.89515
1.64633 1.34589
1.21108 -1.12069
-1.46241 -0.9165
-0.976122 1.83055
-1.3455 -0.827827
-1.75322 1.73076
1.21346 0.569206
1.52962 -1.35482
0.416704 1.12643
-0.0385142 -0.791933
-1.71838 -0.242584
-1.11334 1.17841
0.708399 2.06004
0.735632 -0.159461
-0.950216 -0.173326
-1.36595 1.71733
1.21355 1.01403
-0.100961 -1.65183
-1.23804 -1.02994
-1.08154 2.18305
1.47073 2.02538
1.10814 -1.09857
-1.4354 -0.619107
-1.25768 2.56724
-1.02637 0.029103
0.373637 0.0301738
0.480813 0.221522
-0.257696 -0.564383
-2.4633 -1.6015
-3.50613 1.35225
3.72202 0.675598
1.67604 -2.09252
2.56033 4.28976
0.0543335 0.00533716
0.49667 -0.936258
-0.626094 1.18186
-9.32328 -2.90331
0.856661 -1.33135
-1.81207 -0.869887
0.00422119 2.76878
1.98395 1.40777
0.41812 -2.26929
-3.81056 -0.779549
-0.749082 2.17379
2.26019 1.68271
1.71266 -3.33285
-2.61324 -3.71132
-1.65946 2.53835
1.39584 -0.189667
1.83859 2.79169
1.23257 -0.301917
1.21923 -1.13071
-1.39994 -1.10649
0.789368 1.45053
7.45337 -1.29799
3.1853 2.54257
-1.26842 -1.58846
-1.98505 0.300983
0.205112 0.305952
0.371335 -1.84657
-2.08004 -2.54409
-2.73449 0.253499
3.12438 3.60809
2.38955 -0.77936
1.52385 0.42581
0.0226213 -1.30967
-1.77282 -2.33717
-1.66799 2.26662
1.00767 0.888768
1.05853 -1.81313
-1.61645 -2.4083
-1.08585 1.20381
1.2227 1.60686
1.42186 -1.47435
-2.17971 -2.25572
-0.185861 2.45735
1.71295 2.20347
0.209416 -1.77925
-1.71839 -0.69945
-1.07035 1.82428
