0.547578 1.23344
-0.399461 -0.930528
-0.58328 -0.946556
-0.893586 -0.30969
-0.650092 0.0935795
-0.778285 -0.560354
-1.11667 -0.508628
-1.03843 -0.246812
-0.36162 0.712692
-0.661968 -0.0863474
-0.775451 0.0639377
-0.841641 0.328818
-0.302694 0.483982
-0.366359 -0.39817
-0.238806 -0.384274
-0.185521 0.627236
0.786638 0.148342
1.0185 -0.247253
-0.366877 -0.742557
-0.925112 0.387854
0.611063 0.00658545
0.489886 -0.533724
-1.11253 0.10813
-0.742437 0.586783
0.305719 0.1572
1.66492 -0.0143667
-0.484012 0.066366
-0.437603 0.809162
1.19755 -0.471215
1.20854 -0.527358
-0.18458 -0.579983
-0.432523 -0.0543896
2.86611 0.675149
2.10388 -0.79234
0.2644 -0.742175
0.252045 0.455431
0.150232 0.245318
0.113697 -0.79062
-0.81301 -0.866997
-0.359523 0.473781
-0.0435483 0.684501
0.141954 -0.450169
-0.964753 -0.64825
-1.16997 0.178811
-0.175586 0.177023
0.335601 -0.967512
-0.838641 -1.28853
-0.42476 0.0595085
0.790897 1.17211
0.984801 -0.345388
-0.748831 -0.315535
-1.32029 0.539895
0.938864 0.851037
0.573165 -0.186147
-0.928449 0.108076
-1.088 0.989143
1.05595 1.10812
0.96307 -0.398125
0.0146511 0.41373
0.248042 1.36081
1.04981 0.880511
1.08859 -0.172907
-0.272645 -0.250258
-0.192143 0.528611
