-1.03568 -0.762922
0.581931 0.436544
3.43337 1.37883
1.52715 -1.32767
-0.952256 -1.35203
-0.186158 0.442682
2.60221 1.27863
0.956522 -1.2925
-1.92908 -0.140953
-1.11729 0.749266
-1.40564 -0.529286
1.20076 -0.612168
1.36388 2.4377
0.791359 -1.58756
-0.343978 -0.338382
-0.323267 2.43002
0.606406 1.52155
1.0382 -1.05604
-0.736504 -1.66528
-10.6356 -1.50785
1.71723 0.92798
1.2302 -1.44326
-0.689592 -1.58244
0.0408733 2.16967
1.63888 1.06532
1.48309 -0.766576
-0.732165 -0.379034
-0.237598 2.41381
-2.37704 -0.078731
-1.6753 0.961508
0.745806 -1.00819
1.6944 -1.13915
1.52743 1.42212
0.296477 -0.967399
-1.01137 -1.3718
-0.375625 2.3794
1.09179 1.65144
0.643656 -1.2895
-2.58923 -1.44256
-1.5665 1.25239
2.06261 1.37366
0.312338 -0.785139
-1.35395 -0.804696
-1.33387 2.09243
1.83177 0.75642
1.17076 -0.502468
-1.98674 -1.6753
-1.29231 1.63954
-0.767771 -0.0401226
-0.465877 2.28569
2.64779 -0.591222
-0.617865 -0.753569
-0.553423 -2.19337
-1.31183 0.785605
1.51129 -0.459123
1.46818 -2.29429
0.70338 1.84861
-0.542382 0.171261
-0.692303 -0.528404
1.20804 2.41959
-0.0594639 -2.761
1.58937 -1.29748
-1.12424 -1.12885
0.00406763 2.3009
0.903897 -0.316883
0.487944 -2.0145
-3.68666 -2.0114
-1.26442 0.412886
2.229 1.3333
1.12749 -0.91434
-1.84266 0.217607
-1.3631 1.47088
1.19376 0.141754
0.982452 -1.00937
0.256808 -0.620823
1.21957 -0.878859
-2.14851 -1.25913
-1.98841 -0.207915
2.24405 0.326447
2.29028 0.875885
-2.0551 -1.83309
-1.92266 -0.679641
0.394407 -0.102926
0.377864 -2.39955
-2.90883 -1.11347
-3.99601 0.834998
9.25773 2.94329
3.52192 0.518354
1.1538 2.0662
0.449383 -1.36932
-2.19245 -1.74523
-2.19172 1.36645
0.69293 2.74012
0.643937 -2.52693
-2.17664 -2.86574
0.606262 7.42215
1.71171 1.58963
1.48523 -1.77823
-2.183 -3.14936
-2.01101 1.90186
1.49473 1.46803
1.21482 -0.926195
-1.62509 -1.92101
-1.62551 2.90884
