16.1108 5.98291 -0.254963
17.9009 5.92879 -0.241785
19.5084 5.84714 -0.244627
19.5798 4.1103 -0.173956
19.5276 2.34659 -0.0731468
19.4638 0.576845 0.0073185
19.3629 -1.16662 0.0917578
19.3764 -2.91105 0.159949
19.2181 -4.63046 0.2428
19.2998 -6.41608 0.353601
19.3533 1.99977 -0.949845
19.4203 1.54296 -0.919062
19.3807 1.32205 -0.920083
19.389 0.852934 -0.890753
19.3694 0.248388 -0.861284
19.3053 -0.181888 -0.830885
19.3226 -0.424245 -0.835919
19.343 -0.886745 -0.814834
19.3717 -1.5136 -0.799713
19.3298 -1.93833 -0.757533
19.3518 -2.17344 -0.776941
19.3018 -2.61537 -0.726201
14.2728 6.00739 -0.257495
