photo
1
261.06        259.583
2
262.916        317.519
3
305        320
4
304.818        260.108
1
155.94        214.707
2
164.165        172.656
3
168.318        293.7
4
189.781        289.823
1
251.218        84.3657
2
261.655        113.401
3
319.279        112.884
4
320.768        83.7123
1
243.043        183.8
2
247.386        280.783
3
335.375        208.961
4
371.778        181.482
1
276.807        303.814
2
280        311
3
291.5        311
4
294.68        303.886
1
363.196        278.318
2
407        322
3
432.571        191.351
4
447.622        230.429
photo
1
191.257        113.245
2
375        154
3
127        318
4
262.787        316.898
