71.3028        344.036
73.7568        366.387
104.175        360.677
101.043        338.754
115.494        331.682
115.723        352.762
136.715        348.993
134.831        330.342
145.557        295.955
147.045        345.731
199.07        344.785
197.855        294.354
157.839        306.356
157.753        315.752
167.516        315.446
167.409        306.086
158.102        326.377
157.787        336.059
168.005        335.583
167.604        326.328
178.326        326.055
178.332        335.519
187.911        335.735
188.184        325.8
178.212        305.534
178.294        315.119
187.833        315.133
187.608        305.227
218.656        293.889
219.69        344.149
270.014        341.652
268.61        292.275
229.129        303.927
229.401        313.358
238.752        313.056
238.483        303.486
229.643        324.201
229.982        333.626
239.546        333.386
239.093        323.8
249.765        323.506
249.762        332.885
259.448        332.634
259.168        323.331
249.141        303.432
249.394        312.844
258.733        312.728
258.567        303.287
287.177        304.786
287.714        347.152
316.279        346.005
313.643        304.822
326.333        292.327
327.754        346.265
385        345
381.243        290.413
337.699        303.436
337.55        313.841
348.41        312.997
348.12        302.853
338.281        325.033
338.823        335.335
349.233        334.739
349.115        324.96
360.763        324.565
360.983        334.017
370.524        334.721
371.504        324.165
360.436        302.565
360.572        312.599
370.653        312.761
370.091        302.528
391        335
392        347
397.302        344.35
396.743        333.345
406.94        335.718
410        346
422.479        343.825
418        339
423.067        332.847
422.479        343.825
431.228        344.011
430.19        332.399
446.184        289.857
443.512        342.036
505.226        349.199
506.406        290.246
457.381        301.246
456.667        310.945
467.814        311.721
467.986        301.454
456.429        322.758
456.255        332.395
466.736        333.272
467.307        323.558
480.214        324.192
479.954        334.119
491.585        335.204
492.122        324.813
480.625        301.508
480.452        311.623
492.109        312.481
492.272        301.854
