3.14074 0.882683 1.29606
3.14919 0.878137 1.18783
3.14957 0.778503 1.18783
3.15189 0.776225 1.28903
3.14732 0.8751 1.08877
3.15147 0.87174 0.989333
3.15182 0.776163 0.989296
3.14707 0.773352 1.08561
3.14936 0.674813 1.09502
3.15266 0.67083 0.991454
3.14293 0.575662 0.993501
3.15086 0.574329 1.09242
3.14918 0.675714 1.29565
3.14614 0.674847 1.19085
3.14619 0.577376 1.18928
3.1497 0.580458 1.29643
2.34617 1.49656 -0.153742
2.34516 1.49848 -0.253934
2.35214 1.39676 -0.25629
2.36494 1.39836 -0.153813
2.33874 1.49404 -0.356515
2.33149 1.49171 -0.450542
2.35028 1.39682 -0.451449
2.35144 1.39488 -0.354314
2.35229 1.29492 -0.353779
2.34525 1.29269 -0.451865
2.35206 1.19402 -0.45145
2.35893 1.19435 -0.349395
2.35434 1.29994 -0.155406
2.35326 1.29878 -0.253653
2.36001 1.19645 -0.251266
2.367 1.19863 -0.151992
2.45142 0.309807 -0.126984
2.46067 0.303847 -0.234894
2.4563 0.209576 -0.231029
2.45272 0.20993 -0.126638
2.45987 0.303168 -0.332522
2.45833 0.299929 -0.43367
2.44829 0.197611 -0.430154
2.45014 0.202697 -0.327273
2.44627 0.102121 -0.323265
2.44912 0.0987129 -0.425659
2.44174 -0.00221235 -0.424033
2.43873 -0.00383919 -0.321797
2.47231 0.106617 -0.12894
2.4491 0.105304 -0.232451
2.46618 0.00108536 -0.231369
2.45652 0.00633273 -0.126858
2.99563 -1.00095 -0.087323
3.00415 -1.00837 -0.193172
3.00351 -1.10391 -0.19023
3.00068 -1.10325 -0.0861894
2.98999 -1.00463 -0.290128
2.98106 -1.00851 -0.391948
2.98632 -1.10694 -0.389699
2.98955 -1.10553 -0.285429
2.99472 -1.20394 -0.283739
2.99654 -1.21253 -0.394103
2.98538 -1.30703 -0.380782
2.9942 -1.30487 -0.279593
2.99996 -1.19813 -0.0838824
2.99683 -1.20191 -0.187232
2.99602 -1.3051 -0.184894
2.99878 -1.30071 -0.0809032
