lidar
1
3.265        0.438   0.3057
2
3.3715        0.4497    -0.224
3
3.369       0.08       -0.24
4
3.3577        0.0823      0.2893
5
6.159     2.712     1.2599
6
6.4875      2.6951     2.037
7
6.72      2.6548      -0.070
8
7.5144   2.6825        -0.0115
9
4.9298   0.8375     2.7984
10
5.7011     0.7877        2.8234
11
5.8327      -0.0970      2.8650
12
4.9167        -0.0896          2.7861
13
7.124    1.4159    1.9931
14
7.20   1.4165  0.1265
15
7.0949   -0.409   1.4974
16
6.9237    -1.1388  1.9756
17
3.3454    0.339   -0.122
18
3.3536 0.312      -0.15933
19
3.3516    0.2056  -0.1573
20
3.3381   0.1676    -0.1198
21
3.6503    -0.55448    0.12052
22
3.65495     -0.9415     -0.2745
23
5.7288     -1.9025     1.5261
24
3.250    -1.222    0.5629

