2.80774 1.66912 -0.400795
2.78278 1.65958 -0.565881
2.91803 1.51875 -0.552125
2.93485 1.53036 -0.397217
3.20572 1.52268 -0.388095
3.19148 1.51765 -0.561316
3.26087 1.39272 -0.551018
3.29111 1.40646 -0.379997
3.4223 1.32122 -0.0588578
3.40057 1.31877 -0.537626
3.38465 0.818356 -0.549044
3.38278 0.844311 -0.0563163
3.41239 1.23804 -0.137675
3.40236 1.23196 -0.267858
3.39703 1.12789 -0.256003
3.4037 1.13341 -0.132956
3.41355 1.23627 -0.346471
3.39918 1.23705 -0.461449
3.39408 1.12188 -0.466691
3.52096 1.07237 -0.391855
3.3885 1.04196 -0.345659
3.38174 1.03471 -0.465583
3.36968 0.925675 -0.46064
3.38697 0.93432 -0.337119
3.39038 1.04057 -0.142843
3.39083 1.04121 -0.260276
3.39098 0.927555 -0.255552
3.39005 0.932489 -0.130508
3.40757 0.618846 -0.0489202
3.38089 0.616 -0.539078
3.31584 0.142284 -0.52722
3.33335 0.159531 -0.0482756
3.39004 0.549276 -0.133632
3.38841 0.538364 -0.253423
3.36703 0.429273 -0.251719
3.37696 0.436176 -0.123355
3.38511 0.544026 -0.331103
3.37805 0.537147 -0.452466
3.36106 0.413824 -0.451618
3.37036 0.425629 -0.334276
3.35486 0.353317 -0.330481
3.35119 0.336392 -0.443677
3.32988 0.226432 -0.440137
3.33898 0.227368 -0.321837
3.36289 0.354498 -0.137076
3.36129 0.34696 -0.243758
3.33967 0.22252 -0.25212
3.34324 0.232341 -0.125452
3.1193 -0.0419939 -0.145823
3.08523 -0.0383399 -0.511517
3.05226 -0.277815 -0.522119
3.09481 -0.282505 -0.151574
3.06068 -0.399386 -0.0478657
3.00486 -0.40725 -0.506337
2.93468 -0.87873 -0.504219
2.95501 -0.865186 -0.0346512
3.02815 -0.488484 -0.113749
3.02806 -0.494413 -0.226158
3.00586 -0.594496 -0.223387
3.01062 -0.576546 -0.107281
3.0589 -0.500275 -0.357385
2.99535 -0.485159 -0.429033
2.97954 -0.598045 -0.424662
2.98577 -0.587494 -0.304759
3.00295 -0.689469 -0.329203
2.96165 -0.686112 -0.429018
2.94418 -0.804169 -0.42575
2.95165 -0.794928 -0.314146
2.98199 -0.675553 -0.113725
2.98476 -0.683757 -0.221613
2.95813 -0.795551 -0.211943
2.95978 -0.787083 -0.108282
2.9418 -0.950543 -0.425785
2.92485 -0.947297 -0.512224
2.91715 -1.00768 -0.508832
2.91669 -0.998744 -0.408231
2.91511 -1.11599 -0.434629
2.91559 -1.12375 -0.514818
2.90675 -1.17638 -0.504501
2.90443 -1.17487 -0.435749
2.89067 -1.25361 -0.415857
2.88822 -1.24807 -0.502012
2.88638 -1.30972 -0.498675
2.88676 -1.30442 -0.414969
3.00891 -1.53765 -0.0284171
2.9177 -1.47413 -0.486403
2.63379 -1.77993 -0.488203
2.69934 -1.88031 -0.0161392
2.94102 -1.57565 -0.107304
2.92419 -1.56944 -0.221864
2.84368 -1.6513 -0.222861
2.86334 -1.66363 -0.108112
2.91162 -1.55538 -0.295689
2.88657 -1.54038 -0.418645
2.80687 -1.62196 -0.417112
2.83464 -1.64086 -0.299616
2.78173 -1.70097 -0.300742
2.75636 -1.68415 -0.410092
2.67128 -1.7654 -0.414021
2.70435 -1.7898 -0.295126
2.80563 -1.72042 -0.107855
2.79179 -1.71332 -0.217357
2.7188 -1.79799 -0.220356
2.74119 -1.81384 -0.0971355
