99.0669        342.338
100.053        365.26
130.485        360.325
128.167        338.35
143.513        331.695
144.179        353.031
164.357        351.098
162.615        329.356
174.626        294.93
175.088        346.039
226.509        346.464
226.058        294.416
186.168        305.8
185.902        315.492
195.39        315.578
195.01        305.375
185.79        326.654
185.624        336.325
195.652        336.392
195.376        326.66
206.176        326.392
206.282        336.758
215.414        336.359
215.727        326.777
206.182        305.167
206.05        315.686
215.746        315.587
215.619        305.221
246.827        294.008
247.451        347.053
299.545        345.407
298.638        293.305
257.712        304.564
257.651        314.848
267.507        314.544
267.528        304.546
257.815        325.718
258.003        335.73
267.551        335.844
267.427        325.899
278.519        325.866
278.566        335.864
288.449        335.902
288.428        325.923
278.21        304.507
278.368        314.646
288.283        314.656
287.92        304.321
317.635        307.098
317.521        352.493
348.984        351.811
345.919        307.336
360.136        294.023
361.047        352.622
423.574        353.248
421.266        293.087
372.533        306.193
371.999        317.966
384.381        317.279
384.012        306.168
372.666        330.101
373.549        341.499
384.927        341.553
384.641        330.289
397.591        330.326
397.802        341.66
408.773        341.731
409.838        330.248
397.772        306.162
397.592        317.009
409.16        317.377
408.561        305.872
432        344
432        354
439.185        354.216
439.074        341.433
450.583        344.428
451.669        355.474
463        355
463        347
469.416        342.171
468.926        354.252
479.246        354.49
478.574        341.61
497.675        293.083
494.001        353.068
570.512        364.436
573.154        295.412
510.777        306.568
510.326        317.659
523.958        318.753
524.195        306.833
509.565        331.245
509.183        342.041
522.708        343.628
526        338
539.218        333.457
538.685        345.198
553.588        346.842
554.27        334.766
539.843        307.576
539.637        319.761
554.556        320.499
554.843        308.367
