85.4854    320.479
85.5062    335.293
100.162    334.965
100.399    320.344
85.3006    351.294
84.9611    365.302
99.5645    365.344
100.171    351.122
116.36    319.93
116.609    334.752
131.204    334.159
131.047    319.57
116.364    350.59
117.596    365.499
130.925    365.26
131.327    350.368
213.696    144.569
213.636    155.122
224.769    155.055
224.72    144.226
213.738    167.384
214.204    178.199
224.703    178.209
224.891    167.332
236.643    144.077
236.661    155.057
247.878    155.187
247.602    144.085
236.814    167.235
237.118    178.351
247.571    177.908
247.784    167.136
270.294    314.959
270.664    329.006
282.479    328.593
282.306    314.657
268.85    344.227
269.312    357.901
283.128    357.679
282.814    343.978
297.175    314.372
297.707    328.739
311.856    327.86
311.442    314.207
297.806    343.721
298.558    357.423
312.207    357.258
312.201    343.223
434.771    303.052
435.483    314.059
445.24    313.739
444.756    302.223
435.51    327.044
435.929    338.365
446.088    338.274
445.662    326.624
458.572    302.282
459.164    313.607
470.276    313.252
469.742    301.571
459.429    326.445
460.229    338.068
471.241    337.534
470.811    326.207
