105.517        301.032
503.925        161.266
684.527        50.2964
1007        241
1205.38        248.895
368        353
356.341        445.363
457.347        455.445
862.061        459.603
855.336        362.663
383.803    372.409
382.5    389.59
380.497    412.417
378.964    429.493
404.195    372.36
401.673    390.878
399.709    412.598
398.832    429.957
424.014    373.911
422.118    392.08
420.725    413.33
420    431
443.631    374.442
442.144    393.602
440.478    415.046
438.37    433.214
780.833    383.16
781.73    401.535
782.643    422.419
785    441
799.003    382.568
800.437    401.218
800.209    421.691
802.457    432.727
818.467    382.281
819.684    400.731
820.622    421.354
822.063    438.925
836.994    382.244
838.304    400.666
839.392    420.716
840.646    438.967
