2.35729   1.51008   -0.146085
2.35575   1.50647   -0.269595
2.35483   1.50432   -0.342859
2.35325   1.50061   -0.469749
2.36077   1.38349   -0.14208
2.35923   1.37987   -0.26559
2.35831   1.37773   -0.338854
2.35673   1.37401   -0.465744
2.36297   1.30349   -0.139549
2.36143   1.29987   -0.263059
2.36051   1.29773   -0.336323
2.35893   1.29401   -0.463213
2.3662   1.18614   -0.135836
2.36466   1.18252   -0.259346
2.36374   1.18038   -0.33261
2.36216   1.17666   -0.4595
2.46169   0.317413   -0.119011
2.45603   0.314214   -0.243189
2.45246   0.312196   -0.321505
2.4471   0.309166   -0.439107
2.46393   0.195431   -0.115988
2.45827   0.192232   -0.240166
2.4547   0.190214   -0.318482
2.44934   0.187184   -0.436084
2.46545   0.112689   -0.113938
2.45979   0.109489   -0.238115
2.45622   0.107471   -0.316432
2.45086   0.104441   -0.434033
2.46755   -0.00209699   -0.111093
2.46189   -0.00529638   -0.235271
2.45832   -0.00731419   -0.313587
2.45296   -0.0103441   -0.431188
3.00799   -0.991245   -0.079026
3.00241   -0.994305   -0.208273
2.99949   -0.995902   -0.275725
2.9937   -0.999079   -0.409912
3.00527   -1.11069   -0.0747655
2.99969   -1.11375   -0.204012
2.99678   -1.11535   -0.271464
2.99099   -1.11853   -0.405652
3.00363   -1.18305   -0.0721845
2.99805   -1.18611   -0.201431
2.99514   -1.18771   -0.268883
2.98934   -1.19089   -0.403071
3.00085   -1.30546   -0.0678186
2.99527   -1.30852   -0.197065
2.99236   -1.31011   -0.264517
2.98656   -1.31329   -0.398705
